best_percent, best_zeros, n, k, alpha, fold, true_positive, true_negative, false_negative, false_positive, ones_count, zeros_count, filename
0.2923673997412678, 110, 100, 10, 0.001, 10, 0.7304582210242587, 0.2326350606394708, 0.7673649393605292, 0.2695417789757412, 371, 2721, 5_second_0.001_alpha_10_fold_100_n_10_k_final_score.csv
0.3072445019404916, 120, 100, 20, 0.001, 10, 0.6671802773497689, 0.21162505116659844, 0.7883749488334015, 0.33281972265023113, 649, 2443, 5_second_0.001_alpha_10_fold_100_n_20_k_final_score.csv
0.2590556274256145, 110, 100, 10, 0.001, 2, 0.60625, 0.21897546897546896, 0.7810245310245311, 0.39375, 320, 2772, 5_second_0.001_alpha_2_fold_100_n_10_k_final_score.csv
0.2574385510996119, 120, 100, 20, 0.001, 2, 0.556350626118068, 0.1914725621792341, 0.8085274378207659, 0.44364937388193204, 559, 2533, 5_second_0.001_alpha_2_fold_100_n_20_k_final_score.csv
0.32632600258732214, 110, 100, 10, 0.001, 3, 0.7684824902723736, 0.23816912335143522, 0.7618308766485647, 0.23151750972762647, 514, 2578, 5_second_0.001_alpha_3_fold_100_n_10_k_final_score.csv
0.3201811125485123, 120, 100, 20, 0.001, 3, 0.7189097103918228, 0.22674650698602794, 0.7732534930139721, 0.28109028960817717, 587, 2505, 5_second_0.001_alpha_3_fold_100_n_20_k_final_score.csv
0.2677878395860285, 110, 100, 10, 0.001, 4, 0.6196473551637279, 0.21595547309833024, 0.7840445269016698, 0.380352644836272, 397, 2695, 5_second_0.001_alpha_4_fold_100_n_10_k_final_score.csv
0.29560155239327296, 120, 100, 20, 0.001, 4, 0.6573913043478261, 0.2129519268970997, 0.7870480731029003, 0.3426086956521739, 575, 2517, 5_second_0.001_alpha_4_fold_100_n_20_k_final_score.csv
0.2655239327296248, 110, 100, 10, 0.001, 5, 0.5956521739130435, 0.20782674772036475, 0.7921732522796353, 0.4043478260869565, 460, 2632, 5_second_0.001_alpha_5_fold_100_n_10_k_final_score.csv
0.36610608020698576, 120, 100, 20, 0.001, 5, 0.7459926017262639, 0.23103901797457255, 0.7689609820254274, 0.25400739827373614, 811, 2281, 5_second_0.001_alpha_5_fold_100_n_20_k_final_score.csv
0.42202418841502226, 60, 50, 10, 0.001, 5, 0.7197924388435878, 0.19799219185722253, 0.8020078081427775, 0.28020756115641215, 1349, 1793, 5_second_0.001_alpha_5_fold_50_n_10_k_final_score.csv
0.4258434118395926, 70, 50, 20, 0.001, 5, 0.7087646652864045, 0.1836975782634377, 0.8163024217365623, 0.2912353347135956, 1449, 1693, 5_second_0.001_alpha_5_fold_50_n_20_k_final_score.csv
0.2238033635187581, 110, 100, 10, 0.001, 6, 0.44963144963144963, 0.18957169459962755, 0.8104283054003725, 0.5503685503685504, 407, 2685, 5_second_0.001_alpha_6_fold_100_n_10_k_final_score.csv
0.3169469598965071, 120, 100, 20, 0.001, 6, 0.7008130081300813, 0.22163907953169157, 0.7783609204683084, 0.2991869918699187, 615, 2477, 5_second_0.001_alpha_6_fold_100_n_20_k_final_score.csv
0.2700517464424321, 110, 100, 10, 0.001, 7, 0.6275, 0.21693907875185736, 0.7830609212481426, 0.3725, 400, 2692, 5_second_0.001_alpha_7_fold_100_n_10_k_final_score.csv
0.2946313065976714, 120, 100, 20, 0.001, 7, 0.6308823529411764, 0.1998341625207297, 0.8001658374792703, 0.36911764705882355, 680, 2412, 5_second_0.001_alpha_7_fold_100_n_20_k_final_score.csv
0.2648771021992238, 110, 100, 10, 0.001, 8, 0.5955555555555555, 0.208554125662377, 0.791445874337623, 0.40444444444444444, 450, 2642, 5_second_0.001_alpha_8_fold_100_n_10_k_final_score.csv
0.26875808538163, 120, 100, 20, 0.001, 8, 0.6065217391304348, 0.20972644376899696, 0.790273556231003, 0.3934782608695652, 460, 2632, 5_second_0.001_alpha_8_fold_100_n_20_k_final_score.csv
0.30950840879689523, 110, 100, 10, 0.001, 9, 0.7121212121212122, 0.2265990639625585, 0.7734009360374415, 0.2878787878787879, 528, 2564, 5_second_0.001_alpha_9_fold_100_n_10_k_final_score.csv
0.37322121604139713, 120, 100, 20, 0.001, 9, 0.7856173677069199, 0.24416135881104034, 0.7558386411889597, 0.21438263229308005, 737, 2355, 5_second_0.001_alpha_9_fold_100_n_20_k_final_score.csv
0.33764553686934023, 110, 100, 10, 0.01, 10, 0.7832422586520947, 0.24144710971293748, 0.7585528902870625, 0.2167577413479053, 549, 2543, 5_second_0.01_alpha_10_fold_100_n_10_k_final_score.csv
0.3357050452781371, 120, 100, 20, 0.01, 10, 0.7030625832223701, 0.21785561725758223, 0.7821443827424178, 0.2969374167776298, 751, 2341, 5_second_0.01_alpha_10_fold_100_n_20_k_final_score.csv
0.26972833117723155, 110, 100, 10, 0.01, 2, 0.654434250764526, 0.22423146473779385, 0.7757685352622061, 0.345565749235474, 327, 2765, 5_second_0.01_alpha_2_fold_100_n_10_k_final_score.csv
0.25840879689521346, 120, 100, 20, 0.01, 2, 0.5850515463917526, 0.21153846153846154, 0.7884615384615384, 0.41494845360824745, 388, 2704, 5_second_0.01_alpha_2_fold_100_n_20_k_final_score.csv
0.25323415265200516, 110, 100, 10, 0.01, 3, 0.5568181818181818, 0.2028657616892911, 0.797134238310709, 0.4431818181818182, 440, 2652, 5_second_0.01_alpha_3_fold_100_n_10_k_final_score.csv
0.26228978007761966, 120, 100, 20, 0.01, 3, 0.5752895752895753, 0.1993006993006993, 0.8006993006993007, 0.4247104247104247, 518, 2574, 5_second_0.01_alpha_3_fold_100_n_20_k_final_score.csv
0.31241914618369987, 110, 100, 10, 0.01, 4, 0.7473460721868365, 0.23426173216329646, 0.7657382678367035, 0.2526539278131635, 471, 2621, 5_second_0.01_alpha_4_fold_100_n_10_k_final_score.csv
0.3088615782664942, 120, 100, 20, 0.01, 4, 0.690068493150685, 0.22009569377990432, 0.7799043062200957, 0.3099315068493151, 584, 2508, 5_second_0.01_alpha_4_fold_100_n_20_k_final_score.csv
0.286869340232859, 110, 100, 10, 0.01, 5, 0.6878048780487804, 0.2255779269202088, 0.7744220730797912, 0.3121951219512195, 410, 2682, 5_second_0.01_alpha_5_fold_100_n_10_k_final_score.csv
0.2926908150064683, 120, 100, 20, 0.01, 5, 0.6647509578544061, 0.2171206225680934, 0.7828793774319066, 0.33524904214559387, 522, 2570, 5_second_0.01_alpha_5_fold_100_n_20_k_final_score.csv
0.2871927554980595, 110, 100, 10, 0.01, 6, 0.7246376811594203, 0.2322533673097925, 0.7677466326902075, 0.2753623188405797, 345, 2747, 5_second_0.01_alpha_6_fold_100_n_10_k_final_score.csv
0.30336351875808537, 120, 100, 20, 0.01, 6, 0.670549084858569, 0.21477318346045765, 0.7852268165395424, 0.32945091514143093, 601, 2491, 5_second_0.01_alpha_6_fold_100_n_20_k_final_score.csv
0.3040103492884864, 110, 100, 10, 0.01, 7, 0.7702349869451697, 0.23809523809523808, 0.7619047619047619, 0.2297650130548303, 383, 2709, 5_second_0.01_alpha_7_fold_100_n_10_k_final_score.csv
0.2719922380336352, 120, 100, 20, 0.01, 7, 0.6120331950207469, 0.20919540229885059, 0.7908045977011494, 0.3879668049792531, 482, 2610, 5_second_0.01_alpha_7_fold_100_n_20_k_final_score.csv
0.2629366106080207, 110, 100, 10, 0.01, 8, 0.6081081081081081, 0.216017634092579, 0.783982365907421, 0.3918918918918919, 370, 2722, 5_second_0.01_alpha_8_fold_100_n_10_k_final_score.csv
0.2629366106080207, 120, 100, 20, 0.01, 8, 0.58298755186722, 0.20383141762452106, 0.7961685823754789, 0.4170124481327801, 482, 2610, 5_second_0.01_alpha_8_fold_100_n_20_k_final_score.csv
0.2441785252263907, 110, 100, 10, 0.01, 9, 0.5300546448087432, 0.2057960381511372, 0.7942039618488628, 0.46994535519125685, 366, 2726, 5_second_0.01_alpha_9_fold_100_n_10_k_final_score.csv
0.30045278137128073, 120, 100, 20, 0.01, 9, 0.664983164983165, 0.21377101681345076, 0.7862289831865492, 0.335016835016835, 594, 2498, 5_second_0.01_alpha_9_fold_100_n_20_k_final_score.csv
0.30206985769728334, 110, 100, 10, 0.05, 10, 0.7398568019093079, 0.2334455667789001, 0.7665544332210998, 0.26014319809069214, 419, 2673, 5_second_0.05_alpha_10_fold_100_n_10_k_final_score.csv
0.24773609314359638, 120, 100, 20, 0.05, 10, 0.5309568480300187, 0.18874560375146543, 0.8112543962485346, 0.46904315196998125, 533, 2559, 5_second_0.05_alpha_10_fold_100_n_20_k_final_score.csv
0.29010349288486414, 110, 100, 10, 0.05, 2, 0.6943127962085308, 0.22621722846441947, 0.7737827715355805, 0.3056872037914692, 422, 2670, 5_second_0.05_alpha_2_fold_100_n_10_k_final_score.csv
0.3163001293661061, 120, 100, 20, 0.05, 2, 0.7183600713012478, 0.22718293164757014, 0.7728170683524299, 0.2816399286987522, 561, 2531, 5_second_0.05_alpha_2_fold_100_n_20_k_final_score.csv
0.3182406209573092, 110, 100, 10, 0.05, 3, 0.7885057471264367, 0.24124952954459916, 0.7587504704554008, 0.21149425287356322, 435, 2657, 5_second_0.05_alpha_3_fold_100_n_10_k_final_score.csv
0.2551746442432083, 120, 100, 20, 0.05, 3, 0.5696517412935324, 0.20817843866171004, 0.79182156133829, 0.43034825870646765, 402, 2690, 5_second_0.05_alpha_3_fold_100_n_20_k_final_score.csv
0.27263906856403625, 110, 100, 10, 0.05, 4, 0.6328502415458938, 0.2169529499626587, 0.7830470500373413, 0.3671497584541063, 414, 2678, 5_second_0.05_alpha_4_fold_100_n_10_k_final_score.csv
0.3279430789133247, 120, 100, 20, 0.05, 4, 0.7277147487844409, 0.22828282828282828, 0.7717171717171717, 0.27228525121555913, 617, 2475, 5_second_0.05_alpha_4_fold_100_n_20_k_final_score.csv
0.3282664941785252, 110, 100, 10, 0.05, 5, 0.7296416938110749, 0.2288135593220339, 0.7711864406779662, 0.2703583061889251, 614, 2478, 5_second_0.05_alpha_5_fold_100_n_10_k_final_score.csv
0.2959249676584735, 120, 100, 20, 0.05, 5, 0.6716981132075471, 0.21818891491022638, 0.7818110850897736, 0.3283018867924528, 530, 2562, 5_second_0.05_alpha_5_fold_100_n_20_k_final_score.csv
0.31565329883570503, 110, 100, 10, 0.05, 6, 0.7098445595854922, 0.2248308794269797, 0.7751691205730203, 0.29015544041450775, 579, 2513, 5_second_0.05_alpha_6_fold_100_n_10_k_final_score.csv
0.27749029754204396, 120, 100, 20, 0.05, 6, 0.6195028680688337, 0.20786298170494355, 0.7921370182950564, 0.38049713193116635, 523, 2569, 5_second_0.05_alpha_6_fold_100_n_20_k_final_score.csv
0.2871927554980595, 110, 100, 10, 0.05, 7, 0.7272727272727273, 0.232642675390767, 0.767357324609233, 0.2727272727272727, 341, 2751, 5_second_0.05_alpha_7_fold_100_n_10_k_final_score.csv
0.3130659767141009, 120, 100, 20, 0.05, 7, 0.6680972818311874, 0.20936063518595904, 0.790639364814041, 0.3319027181688126, 699, 2393, 5_second_0.05_alpha_7_fold_100_n_20_k_final_score.csv
0.28816300129366107, 110, 100, 10, 0.05, 8, 0.6975, 0.22734026745913818, 0.7726597325408618, 0.3025, 400, 2692, 5_second_0.05_alpha_8_fold_100_n_10_k_final_score.csv
0.2975420439844761, 120, 100, 20, 0.05, 8, 0.6660746003552398, 0.2155001977066034, 0.7844998022933966, 0.3339253996447602, 563, 2529, 5_second_0.05_alpha_8_fold_100_n_20_k_final_score.csv
0.2684346701164295, 110, 100, 10, 0.05, 9, 0.6373937677053825, 0.22088353413654618, 0.7791164658634538, 0.3626062322946176, 353, 2739, 5_second_0.05_alpha_9_fold_100_n_10_k_final_score.csv
0.29721862871927557, 120, 100, 20, 0.05, 9, 0.6565656565656566, 0.21176941553242595, 0.7882305844675741, 0.3434343434343434, 594, 2498, 5_second_0.05_alpha_9_fold_100_n_20_k_final_score.csv
0.2739327296248383, 110, 100, 10, 0.1, 10, 0.72265625, 0.23342736248236953, 0.7665726375176305, 0.27734375, 256, 2836, 5_second_0.1_alpha_10_fold_100_n_10_k_final_score.csv
0.3373221216041397, 120, 100, 20, 0.1, 10, 0.746031746031746, 0.23273761169780666, 0.7672623883021933, 0.25396825396825395, 630, 2462, 5_second_0.1_alpha_10_fold_100_n_20_k_final_score.csv
0.24029754204398449, 110, 100, 10, 0.1, 2, 0.5297619047619048, 0.22366621067031464, 0.7763337893296853, 0.47023809523809523, 168, 2924, 5_second_0.1_alpha_2_fold_100_n_10_k_final_score.csv
0.2677878395860285, 120, 100, 20, 0.1, 2, 0.6048565121412803, 0.20992800303145132, 0.7900719969685487, 0.39514348785871967, 453, 2639, 5_second_0.1_alpha_2_fold_100_n_20_k_final_score.csv
0.27878395860284605, 110, 100, 10, 0.1, 3, 0.7433962264150943, 0.23523169437566324, 0.7647683056243367, 0.25660377358490566, 265, 2827, 5_second_0.1_alpha_3_fold_100_n_10_k_final_score.csv
0.28395860284605434, 120, 100, 20, 0.1, 3, 0.6274165202108963, 0.20650019817677367, 0.7934998018232263, 0.37258347978910367, 569, 2523, 5_second_0.1_alpha_3_fold_100_n_20_k_final_score.csv
0.3130659767141009, 110, 100, 10, 0.1, 4, 0.7989821882951654, 0.24231196739533162, 0.7576880326046684, 0.2010178117048346, 393, 2699, 5_second_0.1_alpha_4_fold_100_n_10_k_final_score.csv
0.25711513583441137, 120, 100, 20, 0.1, 4, 0.5911764705882353, 0.21584302325581395, 0.784156976744186, 0.4088235294117647, 340, 2752, 5_second_0.1_alpha_4_fold_100_n_20_k_final_score.csv
0.30853816300129366, 110, 100, 10, 0.1, 5, 0.7662650602409639, 0.23757937990287636, 0.7624206200971236, 0.23373493975903614, 415, 2677, 5_second_0.1_alpha_5_fold_100_n_10_k_final_score.csv
0.2998059508408797, 120, 100, 20, 0.1, 5, 0.6544585987261147, 0.20941558441558442, 0.7905844155844156, 0.34554140127388533, 628, 2464, 5_second_0.1_alpha_5_fold_100_n_20_k_final_score.csv
0.2603492884864166, 110, 100, 10, 0.1, 6, 0.6176470588235294, 0.22110552763819097, 0.7788944723618091, 0.38235294117647056, 306, 2786, 5_second_0.1_alpha_6_fold_100_n_10_k_final_score.csv
0.28040103492884866, 120, 100, 20, 0.1, 6, 0.6495535714285714, 0.2178517397881997, 0.7821482602118003, 0.35044642857142855, 448, 2644, 5_second_0.1_alpha_6_fold_100_n_20_k_final_score.csv
0.27360931435963776, 110, 100, 10, 0.1, 7, 0.6310904872389791, 0.21570838030815484, 0.7842916196918451, 0.3689095127610209, 431, 2661, 5_second_0.1_alpha_7_fold_100_n_10_k_final_score.csv
0.278137128072445, 120, 100, 20, 0.1, 7, 0.6473317865429234, 0.21833897031191282, 0.7816610296880872, 0.35266821345707655, 431, 2661, 5_second_0.1_alpha_7_fold_100_n_20_k_final_score.csv
0.2648771021992238, 110, 100, 10, 0.1, 8, 0.6442953020134228, 0.22440944881889763, 0.7755905511811023, 0.35570469798657717, 298, 2794, 5_second_0.1_alpha_8_fold_100_n_10_k_final_score.csv
0.32341526520051744, 120, 100, 20, 0.1, 8, 0.7486033519553073, 0.2340508806262231, 0.7659491193737769, 0.25139664804469275, 537, 2555, 5_second_0.1_alpha_8_fold_100_n_20_k_final_score.csv
0.25840879689521346, 110, 100, 10, 0.1, 9, 0.6071428571428571, 0.21982758620689655, 0.7801724137931034, 0.39285714285714285, 308, 2784, 5_second_0.1_alpha_9_fold_100_n_10_k_final_score.csv
0.2700517464424321, 120, 100, 20, 0.1, 9, 0.5841584158415841, 0.19348350764279967, 0.8065164923572004, 0.4158415841584158, 606, 2486, 5_second_0.1_alpha_9_fold_100_n_20_k_final_score.csv
0.2784605433376455, 110, 100, 10, 0.2, 10, 0.7352941176470589, 0.23439716312056738, 0.7656028368794326, 0.2647058823529412, 272, 2820, 5_second_0.2_alpha_10_fold_100_n_10_k_final_score.csv
0.2652005174644243, 120, 100, 20, 0.2, 10, 0.6505190311418685, 0.22547270781305745, 0.7745272921869426, 0.3494809688581315, 289, 2803, 5_second_0.2_alpha_10_fold_100_n_20_k_final_score.csv
0.23803363518758086, 110, 100, 10, 0.2, 2, 0.5121951219512195, 0.22667564836645335, 0.7733243516335466, 0.4878048780487805, 123, 2969, 5_second_0.2_alpha_2_fold_100_n_10_k_final_score.csv
0.23965071151358344, 120, 100, 20, 0.2, 2, 0.516, 0.21534130893736805, 0.784658691062632, 0.484, 250, 2842, 5_second_0.2_alpha_2_fold_100_n_20_k_final_score.csv
0.2677878395860285, 110, 100, 10, 0.2, 3, 0.6862745098039216, 0.23017271765949948, 0.7698272823405006, 0.3137254901960784, 255, 2837, 5_second_0.2_alpha_3_fold_100_n_10_k_final_score.csv
0.2700517464424321, 120, 100, 20, 0.2, 3, 0.6186046511627907, 0.21374906085649886, 0.7862509391435011, 0.3813953488372093, 430, 2662, 5_second_0.2_alpha_3_fold_100_n_20_k_final_score.csv
0.26067270375161705, 110, 100, 10, 0.2, 4, 0.608955223880597, 0.21835328255350017, 0.7816467174464998, 0.39104477611940297, 335, 2757, 5_second_0.2_alpha_4_fold_100_n_10_k_final_score.csv
0.29301423027166884, 120, 100, 20, 0.2, 4, 0.7344173441734417, 0.23319867792875504, 0.766801322071245, 0.26558265582655827, 369, 2723, 5_second_0.2_alpha_4_fold_100_n_20_k_final_score.csv
0.2335058214747736, 110, 100, 10, 0.2, 5, 0.460431654676259, 0.2228242465289536, 0.7771757534710464, 0.539568345323741, 139, 2953, 5_second_0.2_alpha_5_fold_100_n_10_k_final_score.csv
0.28816300129366107, 120, 100, 20, 0.2, 5, 0.7393939393939394, 0.2342505430847212, 0.7657494569152787, 0.2606060606060606, 330, 2762, 5_second_0.2_alpha_5_fold_100_n_20_k_final_score.csv
0.26746442432082795, 110, 100, 10, 0.2, 6, 0.7098214285714286, 0.23291492329149233, 0.7670850767085077, 0.29017857142857145, 224, 2868, 5_second_0.2_alpha_6_fold_100_n_10_k_final_score.csv
0.27910737386804657, 120, 100, 20, 0.2, 6, 0.6766304347826086, 0.22540381791483113, 0.7745961820851689, 0.3233695652173913, 368, 2724, 5_second_0.2_alpha_6_fold_100_n_20_k_final_score.csv
0.2425614489003881, 110, 100, 10, 0.2, 7, 0.5263157894736842, 0.20946189960274467, 0.7905381003972554, 0.47368421052631576, 323, 2769, 5_second_0.2_alpha_7_fold_100_n_10_k_final_score.csv
0.25711513583441137, 120, 100, 20, 0.2, 7, 0.6383928571428571, 0.22733612273361228, 0.7726638772663877, 0.36160714285714285, 224, 2868, 5_second_0.2_alpha_7_fold_100_n_20_k_final_score.csv
0.24741267787839585, 110, 100, 10, 0.2, 8, 0.5888888888888889, 0.22630494505494506, 0.773695054945055, 0.4111111111111111, 180, 2912, 5_second_0.2_alpha_8_fold_100_n_10_k_final_score.csv
0.31597671410090555, 120, 100, 20, 0.2, 8, 0.8080808080808081, 0.24369436201780414, 0.7563056379821959, 0.1919191919191919, 396, 2696, 5_second_0.2_alpha_8_fold_100_n_20_k_final_score.csv
0.258732212160414, 110, 100, 10, 0.2, 9, 0.6602870813397129, 0.22962192160943462, 0.7703780783905654, 0.3397129186602871, 209, 2883, 5_second_0.2_alpha_9_fold_100_n_10_k_final_score.csv
0.2716688227684347, 120, 100, 20, 0.2, 9, 0.6720257234726688, 0.2268967997123337, 0.7731032002876663, 0.3279742765273312, 311, 2781, 5_second_0.2_alpha_9_fold_100_n_20_k_final_score.csv
0.2370633893919793, 110, 100, 10, 0.5, 10, 0, 0.2370633893919793, 0.7629366106080206, 0, 0, 3092, 5_second_0.5_alpha_10_fold_100_n_10_k_final_score.csv
0.2370633893919793, 120, 100, 20, 0.5, 10, 0, 0.2370633893919793, 0.7629366106080206, 0, 0, 3092, 5_second_0.5_alpha_10_fold_100_n_20_k_final_score.csv
0.2370633893919793, 110, 100, 10, 0.5, 2, 0, 0.2370633893919793, 0.7629366106080206, 0, 0, 3092, 5_second_0.5_alpha_2_fold_100_n_10_k_final_score.csv
0.2370633893919793, 120, 100, 20, 0.5, 2, 0, 0.2370633893919793, 0.7629366106080206, 0, 0, 3092, 5_second_0.5_alpha_2_fold_100_n_20_k_final_score.csv
0.2370633893919793, 110, 100, 10, 0.5, 3, 0, 0.2370633893919793, 0.7629366106080206, 0, 0, 3092, 5_second_0.5_alpha_3_fold_100_n_10_k_final_score.csv
0.2370633893919793, 120, 100, 20, 0.5, 3, 0, 0.2370633893919793, 0.7629366106080206, 0, 0, 3092, 5_second_0.5_alpha_3_fold_100_n_20_k_final_score.csv
0.2370633893919793, 110, 100, 10, 0.5, 4, 0, 0.2370633893919793, 0.7629366106080206, 0, 0, 3092, 5_second_0.5_alpha_4_fold_100_n_10_k_final_score.csv
0.2370633893919793, 120, 100, 20, 0.5, 4, 0, 0.2370633893919793, 0.7629366106080206, 0, 0, 3092, 5_second_0.5_alpha_4_fold_100_n_20_k_final_score.csv
0.2370633893919793, 110, 100, 10, 0.5, 5, 0, 0.2370633893919793, 0.7629366106080206, 0, 0, 3092, 5_second_0.5_alpha_5_fold_100_n_10_k_final_score.csv
0.2370633893919793, 120, 100, 20, 0.5, 5, 0, 0.2370633893919793, 0.7629366106080206, 0, 0, 3092, 5_second_0.5_alpha_5_fold_100_n_20_k_final_score.csv
0.2370633893919793, 110, 100, 10, 0.5, 6, 0, 0.2370633893919793, 0.7629366106080206, 0, 0, 3092, 5_second_0.5_alpha_6_fold_100_n_10_k_final_score.csv
0.2370633893919793, 120, 100, 20, 0.5, 6, 0, 0.2370633893919793, 0.7629366106080206, 0, 0, 3092, 5_second_0.5_alpha_6_fold_100_n_20_k_final_score.csv
0.2370633893919793, 110, 100, 10, 0.5, 7, 0, 0.2370633893919793, 0.7629366106080206, 0, 0, 3092, 5_second_0.5_alpha_7_fold_100_n_10_k_final_score.csv
0.2370633893919793, 120, 100, 20, 0.5, 7, 0, 0.2370633893919793, 0.7629366106080206, 0, 0, 3092, 5_second_0.5_alpha_7_fold_100_n_20_k_final_score.csv
0.2370633893919793, 110, 100, 10, 0.5, 8, 0, 0.2370633893919793, 0.7629366106080206, 0, 0, 3092, 5_second_0.5_alpha_8_fold_100_n_10_k_final_score.csv
0.2370633893919793, 120, 100, 20, 0.5, 8, 0, 0.2370633893919793, 0.7629366106080206, 0, 0, 3092, 5_second_0.5_alpha_8_fold_100_n_20_k_final_score.csv
0.2370633893919793, 110, 100, 10, 0.5, 9, 0, 0.2370633893919793, 0.7629366106080206, 0, 0, 3092, 5_second_0.5_alpha_9_fold_100_n_10_k_final_score.csv
0.2370633893919793, 120, 100, 20, 0.5, 9, 0, 0.2370633893919793, 0.7629366106080206, 0, 0, 3092, 5_second_0.5_alpha_9_fold_100_n_20_k_final_score.csv
0.2370633893919793, 110, 100, 10, 0.6, 10, 0, 0.2370633893919793, 0.7629366106080206, 0, 0, 3092, 5_second_0.6_alpha_10_fold_100_n_10_k_final_score.csv
0.2370633893919793, 120, 100, 20, 0.6, 10, 0, 0.2370633893919793, 0.7629366106080206, 0, 0, 3092, 5_second_0.6_alpha_10_fold_100_n_20_k_final_score.csv
0.2370633893919793, 110, 100, 10, 0.6, 2, 0, 0.2370633893919793, 0.7629366106080206, 0, 0, 3092, 5_second_0.6_alpha_2_fold_100_n_10_k_final_score.csv
0.2370633893919793, 120, 100, 20, 0.6, 2, 0, 0.2370633893919793, 0.7629366106080206, 0, 0, 3092, 5_second_0.6_alpha_2_fold_100_n_20_k_final_score.csv
0.2370633893919793, 110, 100, 10, 0.6, 3, 0, 0.2370633893919793, 0.7629366106080206, 0, 0, 3092, 5_second_0.6_alpha_3_fold_100_n_10_k_final_score.csv
0.2370633893919793, 120, 100, 20, 0.6, 3, 0, 0.2370633893919793, 0.7629366106080206, 0, 0, 3092, 5_second_0.6_alpha_3_fold_100_n_20_k_final_score.csv
0.2370633893919793, 110, 100, 10, 0.6, 4, 0, 0.2370633893919793, 0.7629366106080206, 0, 0, 3092, 5_second_0.6_alpha_4_fold_100_n_10_k_final_score.csv
0.2370633893919793, 120, 100, 20, 0.6, 4, 0, 0.2370633893919793, 0.7629366106080206, 0, 0, 3092, 5_second_0.6_alpha_4_fold_100_n_20_k_final_score.csv
0.2370633893919793, 110, 100, 10, 0.6, 5, 0, 0.2370633893919793, 0.7629366106080206, 0, 0, 3092, 5_second_0.6_alpha_5_fold_100_n_10_k_final_score.csv
0.2370633893919793, 120, 100, 20, 0.6, 5, 0, 0.2370633893919793, 0.7629366106080206, 0, 0, 3092, 5_second_0.6_alpha_5_fold_100_n_20_k_final_score.csv
0.2370633893919793, 110, 100, 10, 0.6, 6, 0, 0.2370633893919793, 0.7629366106080206, 0, 0, 3092, 5_second_0.6_alpha_6_fold_100_n_10_k_final_score.csv
0.2370633893919793, 120, 100, 20, 0.6, 6, 0, 0.2370633893919793, 0.7629366106080206, 0, 0, 3092, 5_second_0.6_alpha_6_fold_100_n_20_k_final_score.csv
0.2370633893919793, 110, 100, 10, 0.6, 7, 0, 0.2370633893919793, 0.7629366106080206, 0, 0, 3092, 5_second_0.6_alpha_7_fold_100_n_10_k_final_score.csv
0.2370633893919793, 120, 100, 20, 0.6, 7, 0, 0.2370633893919793, 0.7629366106080206, 0, 0, 3092, 5_second_0.6_alpha_7_fold_100_n_20_k_final_score.csv
0.2370633893919793, 110, 100, 10, 0.6, 8, 0, 0.2370633893919793, 0.7629366106080206, 0, 0, 3092, 5_second_0.6_alpha_8_fold_100_n_10_k_final_score.csv
0.2370633893919793, 120, 100, 20, 0.6, 8, 0, 0.2370633893919793, 0.7629366106080206, 0, 0, 3092, 5_second_0.6_alpha_8_fold_100_n_20_k_final_score.csv
0.2370633893919793, 110, 100, 10, 0.6, 9, 0, 0.2370633893919793, 0.7629366106080206, 0, 0, 3092, 5_second_0.6_alpha_9_fold_100_n_10_k_final_score.csv
0.2370633893919793, 120, 100, 20, 0.6, 9, 0, 0.2370633893919793, 0.7629366106080206, 0, 0, 3092, 5_second_0.6_alpha_9_fold_100_n_20_k_final_score.csv
0.2370633893919793, 110, 100, 10, 0.7, 10, 0, 0.2370633893919793, 0.7629366106080206, 0, 0, 3092, 5_second_0.7_alpha_10_fold_100_n_10_k_final_score.csv
0.2370633893919793, 120, 100, 20, 0.7, 10, 0, 0.2370633893919793, 0.7629366106080206, 0, 0, 3092, 5_second_0.7_alpha_10_fold_100_n_20_k_final_score.csv
0.2370633893919793, 110, 100, 10, 0.7, 2, 0, 0.2370633893919793, 0.7629366106080206, 0, 0, 3092, 5_second_0.7_alpha_2_fold_100_n_10_k_final_score.csv
0.2370633893919793, 120, 100, 20, 0.7, 2, 0, 0.2370633893919793, 0.7629366106080206, 0, 0, 3092, 5_second_0.7_alpha_2_fold_100_n_20_k_final_score.csv
0.2370633893919793, 110, 100, 10, 0.7, 3, 0, 0.2370633893919793, 0.7629366106080206, 0, 0, 3092, 5_second_0.7_alpha_3_fold_100_n_10_k_final_score.csv
0.2370633893919793, 120, 100, 20, 0.7, 3, 0, 0.2370633893919793, 0.7629366106080206, 0, 0, 3092, 5_second_0.7_alpha_3_fold_100_n_20_k_final_score.csv
0.2370633893919793, 110, 100, 10, 0.7, 4, 0, 0.2370633893919793, 0.7629366106080206, 0, 0, 3092, 5_second_0.7_alpha_4_fold_100_n_10_k_final_score.csv
0.2370633893919793, 120, 100, 20, 0.7, 4, 0, 0.2370633893919793, 0.7629366106080206, 0, 0, 3092, 5_second_0.7_alpha_4_fold_100_n_20_k_final_score.csv
0.2370633893919793, 110, 100, 10, 0.7, 5, 0, 0.2370633893919793, 0.7629366106080206, 0, 0, 3092, 5_second_0.7_alpha_5_fold_100_n_10_k_final_score.csv
0.2370633893919793, 120, 100, 20, 0.7, 5, 0, 0.2370633893919793, 0.7629366106080206, 0, 0, 3092, 5_second_0.7_alpha_5_fold_100_n_20_k_final_score.csv
0.2370633893919793, 110, 100, 10, 0.7, 6, 0, 0.2370633893919793, 0.7629366106080206, 0, 0, 3092, 5_second_0.7_alpha_6_fold_100_n_10_k_final_score.csv
0.2370633893919793, 120, 100, 20, 0.7, 6, 0, 0.2370633893919793, 0.7629366106080206, 0, 0, 3092, 5_second_0.7_alpha_6_fold_100_n_20_k_final_score.csv
0.2370633893919793, 110, 100, 10, 0.7, 7, 0, 0.2370633893919793, 0.7629366106080206, 0, 0, 3092, 5_second_0.7_alpha_7_fold_100_n_10_k_final_score.csv
0.2370633893919793, 120, 100, 20, 0.7, 7, 0, 0.2370633893919793, 0.7629366106080206, 0, 0, 3092, 5_second_0.7_alpha_7_fold_100_n_20_k_final_score.csv
0.2370633893919793, 110, 100, 10, 0.7, 8, 0, 0.2370633893919793, 0.7629366106080206, 0, 0, 3092, 5_second_0.7_alpha_8_fold_100_n_10_k_final_score.csv
0.2370633893919793, 120, 100, 20, 0.7, 8, 0, 0.2370633893919793, 0.7629366106080206, 0, 0, 3092, 5_second_0.7_alpha_8_fold_100_n_20_k_final_score.csv
0.2370633893919793, 110, 100, 10, 0.7, 9, 0, 0.2370633893919793, 0.7629366106080206, 0, 0, 3092, 5_second_0.7_alpha_9_fold_100_n_10_k_final_score.csv
0.2370633893919793, 120, 100, 20, 0.7, 9, 0, 0.2370633893919793, 0.7629366106080206, 0, 0, 3092, 5_second_0.7_alpha_9_fold_100_n_20_k_final_score.csv
0.2370633893919793, 110, 100, 10, 0.8, 10, 0, 0.2370633893919793, 0.7629366106080206, 0, 0, 3092, 5_second_0.8_alpha_10_fold_100_n_10_k_final_score.csv
0.2370633893919793, 120, 100, 20, 0.8, 10, 0, 0.2370633893919793, 0.7629366106080206, 0, 0, 3092, 5_second_0.8_alpha_10_fold_100_n_20_k_final_score.csv
0.2370633893919793, 109, 100, 9, 0.8, 10, 0, 0.2370633893919793, 0.7629366106080206, 0, 0, 3092, 5_second_0.8_alpha_10_fold_100_n_9_k_final_score.csv
0.2370633893919793, 110, 100, 10, 0.8, 2, 0, 0.2370633893919793, 0.7629366106080206, 0, 0, 3092, 5_second_0.8_alpha_2_fold_100_n_10_k_final_score.csv
0.2370633893919793, 120, 100, 20, 0.8, 2, 0, 0.2370633893919793, 0.7629366106080206, 0, 0, 3092, 5_second_0.8_alpha_2_fold_100_n_20_k_final_score.csv
0.2370633893919793, 109, 100, 9, 0.8, 2, 0, 0.2370633893919793, 0.7629366106080206, 0, 0, 3092, 5_second_0.8_alpha_2_fold_100_n_9_k_final_score.csv
0.2370633893919793, 110, 100, 10, 0.8, 3, 0, 0.2370633893919793, 0.7629366106080206, 0, 0, 3092, 5_second_0.8_alpha_3_fold_100_n_10_k_final_score.csv
0.2370633893919793, 120, 100, 20, 0.8, 3, 0, 0.2370633893919793, 0.7629366106080206, 0, 0, 3092, 5_second_0.8_alpha_3_fold_100_n_20_k_final_score.csv
0.2370633893919793, 109, 100, 9, 0.8, 3, 0, 0.2370633893919793, 0.7629366106080206, 0, 0, 3092, 5_second_0.8_alpha_3_fold_100_n_9_k_final_score.csv
0.2370633893919793, 110, 100, 10, 0.8, 4, 0, 0.2370633893919793, 0.7629366106080206, 0, 0, 3092, 5_second_0.8_alpha_4_fold_100_n_10_k_final_score.csv
0.2370633893919793, 120, 100, 20, 0.8, 4, 0, 0.2370633893919793, 0.7629366106080206, 0, 0, 3092, 5_second_0.8_alpha_4_fold_100_n_20_k_final_score.csv
0.2370633893919793, 109, 100, 9, 0.8, 4, 0, 0.2370633893919793, 0.7629366106080206, 0, 0, 3092, 5_second_0.8_alpha_4_fold_100_n_9_k_final_score.csv
0.2370633893919793, 110, 100, 10, 0.8, 5, 0, 0.2370633893919793, 0.7629366106080206, 0, 0, 3092, 5_second_0.8_alpha_5_fold_100_n_10_k_final_score.csv
0.2370633893919793, 120, 100, 20, 0.8, 5, 0, 0.2370633893919793, 0.7629366106080206, 0, 0, 3092, 5_second_0.8_alpha_5_fold_100_n_20_k_final_score.csv
0.2370633893919793, 109, 100, 9, 0.8, 5, 0, 0.2370633893919793, 0.7629366106080206, 0, 0, 3092, 5_second_0.8_alpha_5_fold_100_n_9_k_final_score.csv
0.2370633893919793, 110, 100, 10, 0.8, 6, 0, 0.2370633893919793, 0.7629366106080206, 0, 0, 3092, 5_second_0.8_alpha_6_fold_100_n_10_k_final_score.csv
0.2370633893919793, 120, 100, 20, 0.8, 6, 0, 0.2370633893919793, 0.7629366106080206, 0, 0, 3092, 5_second_0.8_alpha_6_fold_100_n_20_k_final_score.csv
0.2370633893919793, 109, 100, 9, 0.8, 6, 0, 0.2370633893919793, 0.7629366106080206, 0, 0, 3092, 5_second_0.8_alpha_6_fold_100_n_9_k_final_score.csv
0.2370633893919793, 110, 100, 10, 0.8, 7, 0, 0.2370633893919793, 0.7629366106080206, 0, 0, 3092, 5_second_0.8_alpha_7_fold_100_n_10_k_final_score.csv
0.2370633893919793, 120, 100, 20, 0.8, 7, 0, 0.2370633893919793, 0.7629366106080206, 0, 0, 3092, 5_second_0.8_alpha_7_fold_100_n_20_k_final_score.csv
0.2370633893919793, 109, 100, 9, 0.8, 7, 0, 0.2370633893919793, 0.7629366106080206, 0, 0, 3092, 5_second_0.8_alpha_7_fold_100_n_9_k_final_score.csv
0.2370633893919793, 110, 100, 10, 0.8, 8, 0, 0.2370633893919793, 0.7629366106080206, 0, 0, 3092, 5_second_0.8_alpha_8_fold_100_n_10_k_final_score.csv
0.2370633893919793, 120, 100, 20, 0.8, 8, 0, 0.2370633893919793, 0.7629366106080206, 0, 0, 3092, 5_second_0.8_alpha_8_fold_100_n_20_k_final_score.csv
0.2370633893919793, 109, 100, 9, 0.8, 8, 0, 0.2370633893919793, 0.7629366106080206, 0, 0, 3092, 5_second_0.8_alpha_8_fold_100_n_9_k_final_score.csv
0.2370633893919793, 110, 100, 10, 0.8, 9, 0, 0.2370633893919793, 0.7629366106080206, 0, 0, 3092, 5_second_0.8_alpha_9_fold_100_n_10_k_final_score.csv
0.2370633893919793, 120, 100, 20, 0.8, 9, 0, 0.2370633893919793, 0.7629366106080206, 0, 0, 3092, 5_second_0.8_alpha_9_fold_100_n_20_k_final_score.csv
0.2370633893919793, 109, 100, 9, 0.8, 9, 0, 0.2370633893919793, 0.7629366106080206, 0, 0, 3092, 5_second_0.8_alpha_9_fold_100_n_9_k_final_score.csv
0.32115135834411385, 110, 100, 10, 0.0, 10, 0.7346570397111913, 0.23089046493301812, 0.7691095350669819, 0.26534296028880866, 554, 2538, 5_second_0_alpha_10_fold_100_n_10_k_final_score.csv
